***************************************************************
0.1 0.1 0.1 0.1 
0.1 0.1 0.1 0.1 
0.1 0.1 0.1 0.1 
0.1 0.1 0.1 0.1 
0.1 0.1 0.1 0.1 
0.1 0.1 0.1 0.1 
0.1 0.1 0.1 0.1 
0.1 0.1 0.1 0.1 
0.1 0.1 0.1 0.1 
0.1 0.1 0.1 0.1 
0.1 0.1 0.1 0.1 
0.1 0.1 0.1 0.1 
0.1 0.1 0.1 0.1 
0.1 0.1 0.1 0.1 
0.1 0.1 0.1 0.1 
0.1 0.1 0.1 0.1 
0.1 0.1 0.1 0.1 
0.1 0.1 0.1 0.1 
0.1 0.1 0.1 0.1 
0.1 0.1 0.1 0.1 
10 10 10 10 
0.1 0.1 0.1 0.1 
0.1 0.1 0.1 0.1 
0.1 0.1 0.1 0.1 
0.1 0.1 0.1 0.1 
0.1 0.1 0.1 0.1 
0.1 0.1 0.1 0.1 
0.1 0.1 0.1 0.1 
0.1 0.1 0.1 0.1 
0.1 0.1 0.1 0.1 
-0.07142857142801799 -0.07142857142828153 -0.07142857142800724 -0.07142857142806203 
-0.07142857142838686 -0.0714285714284257 -0.07142857142839873 -0.07142857142839894 
-0.07142857142849417 -0.07142857142848857 -0.07142857142848855 -0.0714285714284916 
0.1 0.1 0.1 0.1 
-0.07142857142857226 -0.07142857142857224 -0.07142857142857226 -0.07142857142857226 
-0.07142857142857227 -0.0714285714285722 -0.07142857142857226 -0.07142857142857226 
-0.07142857142857227 -0.07142857142857215 -0.07142857142857215 -0.07142857142857215 
0.1 0.1 0.1 0.1 
0.1 0.1 0.1 0.1 
0.04263675086926559 0.04264032367926633 4.0 0.1 
0.1 0.1 0.1 0.1 
0.1 0.1 0.1 0.1 
0.1 0.1 0.1 0.1 
0.1 0.1 0.1 0.1 
0.1 0.1 0.1 0.1 
0.1 0.1 0.1 0.1 
0.1 0.1 0.1 0.1 
0.1 0.1 0.1 0.1 
0.1 0.1 0.1 0.1 
-0.07142857142732503 -0.07142857142732592 -0.07142857142722449 -0.07142857142719554 
0.1 0.1 0.1 0.1 
-0.07142857142853284 -0.0714285714285328 -0.07142857142853791 -0.07142857142853684 
0.1 0.1 0.1 0.1 
-0.07142857142857224 -0.07142857142857226 -0.07142857142857224 -0.07142857142857227 
0.1 0.1 0.1 0.1 
0.1 0.1 0.1 0.1 
0.1 0.1 0.1 0.1 
0.1 0.1 0.1 0.1 
0.042626017729458815 0.042629597897572986 1.15 0.033552659163105555 
0.1 0.1 0.1 0.1 
-0.07137314121769955 -0.0713969020761194 -0.07137313604850147 -0.07134843350025936 
-0.07140453005091361 -0.07141090039485928 -0.07141602405604494 -0.0714160247530522 
-0.07142135901735802 -0.07142285590492833 -0.07142368975609373 -0.0714236904269131 
-0.07142640770924291 -0.07142674767441784 -0.07142672668622013 -0.07142672695607952 
-0.07142792231907796 -0.07142816782601516 -0.07142816775011783 -0.07142828607169774 
0.1 0.1 0.1 0.1 
-0.07142857142477818 -0.0714285714248428 -0.07142857142477962 -0.07142857142477753 
-0.07142857142478791 -0.07142857142498545 -0.07142857142477058 -0.07142857142477343 
-0.07142857142479989 -0.07142857142478057 -0.07142857142469836 -0.07142857142453637 
0.1 0.1 0.1 0.1 
-0.071428571428556 -0.071428571428556 -0.07142857142855719 -0.07142857142856321 
0.1 0.1 0.1 0.1 
-0.07142857142857224 -0.07142857142857226 -0.07142857142857219 -0.07142857142857215 
-0.0714285714285722 -0.07142857142857226 -0.07142857142857219 -0.07142857142857213 
-0.0714285714285722 -0.07142857142857224 -0.07142857142857224 -0.07142857142857224 
0.1 0.1 0.1 0.1 
0.1 0.1 0.1 0.1 
-0.020797804575507107 -0.020796771856561362 0.29499999999999993 -0.031367273846366533 
0.1 0.1 0.1 0.1 
-0.07128585360630468 -0.0712858490688669 -0.07132251840827492 -0.07116144500004859 
0.1 0.1 0.1 0.1 
0.1 0.1 0.1 0.1 
0.1 0.1 0.1 0.1 
-0.0714284423486668 -0.07142844232845416 -0.07142837670387156 -0.07142843054459684 
0.1 0.1 0.1 0.1 
0.1 0.1 0.1 0.1 
0.1 0.1 0.1 0.1 
-0.07142857141688928 -0.07142857141688808 -0.07142857141791857 -0.07142857141578195 
0.1 0.1 0.1 0.1 
-0.07142857142856678 -0.07142857142856678 -0.07142857142856643 -0.07142857142856764 
0.1 0.1 0.1 0.1 
0.1 0.1 0.1 0.1 
0.1 0.1 0.1 0.1 
-0.07142857142857215 -0.07142857142857213 -0.07142857142857224 -0.07142857142857226 
0.1 0.1 0.1 0.1 
0.1 0.1 0.1 0.1 
-0.04895557967887679 -0.048956014151655444 0.03849999999999994 -0.04690819267587274 
0.1 0.1 0.1 0.1 
-0.07108024310438049 -0.0710802777309815 -0.07110528192695888 -0.07053815000000527 
0.1 0.1 0.1 0.1 
-0.07125859764585238 -0.07125859689498543 -0.07125859852480954 -0.07128113697877644 
0.1 0.1 0.1 0.1 
-0.07142852746273924 -0.07142852746423775 -0.07142851302001385 -0.0714285293166047 
0.1 0.1 0.1 0.1 
-0.07142857104495509 -0.07142857118683084 -0.07142857101633476 -0.07142857095976116 
-0.07142857128876987 -0.07142857131132814 -0.07142857131071628 -0.07142857131063628 
-0.07142857138671548 -0.07142857140310857 -0.07142857140387829 -0.07142857140310424 
0.1 0.1 0.1 0.1 
-0.07142857142856981 -0.07142857142856945 -0.07142857142856932 -0.07142857142856981 
-0.07142857142857087 -0.07142857142857098 -0.07142857142857088 -0.07142857142857093 
-0.0714285714285717 -0.07142857142857183 -0.07142857142857184 -0.07142857142857154 
0.1 0.1 0.1 0.1 
-0.07142857142857224 -0.07142857142857226 -0.07142857142857222 -0.07142857142857229 
0.1 0.1 0.1 0.1 
0.1 0.1 0.1 0.1 
-0.06217049460334769 -0.06176143145767815 -0.03845000000000007 -0.06255944321147172 
-0.06153500000000007 -0.06801937457410151 -0.06896717259535887 -0.06896731249752994 
-0.06846050000000006 -0.07047417844900782 -0.07023369435789195 -0.07045095241815318 
-0.07053815000000006 -0.07116165638376057 -0.07103235414481848 -0.07116219131288393 
-0.07123212634698162 -0.07124752396638925 -0.07126128671460163 -0.07129271724148649 
0.1 0.1 0.1 0.1 
-0.07142855500236947 -0.07142855829691652 -0.07142855391416714 -0.07142856177507369 
-0.07142856618065045 -0.07142856722946705 -0.07142856796571231 -0.07142856787948189 
-0.07142856985841113 -0.07142857025249384 -0.07142857015352393 -0.07142856994179687 
0.1 0.1 0.1 0.1 
0.1 0.1 0.1 0.1 
0.1 0.1 0.1 0.1 
0.1 0.1 0.1 0.1 
0.1 0.1 0.1 0.1 
-0.07142857142857208 -0.07142857142857208 -0.07142857142857202 -0.07142857142857187 
0.1 0.1 0.1 0.1 
-0.07142857142857227 -0.07142857142857226 -0.07142857142857226 -0.07142857142857229 
0.1 0.1 0.1 0.1 
0.1 0.1 0.1 0.1 
0.1 0.1 0.1 0.1 
0.1 0.1 0.1 0.1 
0.1 0.1 0.1 0.1 
-0.07131259717812527 -0.07129487631811479 -0.07116144500000007 -0.07128476838178285 
-0.07131409373730166 -0.07131499970127987 -0.0713072658822724 -0.07135273345781865 
0.1 0.1 0.1 0.1 
-0.07142856593820435 -0.07142856582309004 -0.07142856548487643 -0.07142856643204383 
-0.07142856818655695 -0.07142856855629001 -0.07142856707159073 -0.0714285673375547 
-0.07142856924248397 -0.07142856951089815 -0.07142856985223989 -0.07142856885391445 
-0.07142856984911679 -0.07142856943508825 -0.07142856936971445 -0.0714285696029676 
-0.07142856996389227 -0.07142856941643462 -0.07142856941708707 -0.07142856956851165 
0.1 0.1 0.1 0.1 
-0.0714285714285723 -0.07142857142857231 -0.07142857142857231 -0.07142857142857231 
0.1 0.1 0.1 0.1 
-0.07142857142857222 -0.07142857142857219 -0.07142857142857219 -0.0714285714285722 
-0.07142857142857226 -0.0714285714285722 -0.07142857142857226 -0.07142857142857226 
-0.07142857142857229 -0.07142857142857229 -0.07142857142857226 -0.07142857142857233 
0.1 0.1 0.1 0.1 
0.1 0.1 0.1 0.1 
-0.07142691458309688 -0.07142640770450001 -0.0714269421538114 -0.07142718555866658 
-0.07142478705328152 -0.07142135901500002 -0.0714241645038314 -0.0714241641600158 
-0.07141620207568947 -0.07140453005000005 -0.07141010376370804 -0.07141010264874496 
-0.07138188368298674 -0.07137759117262188 -0.07134843350000006 -0.07138563410513488 
-0.07138206434062186 -0.07135752048658167 -0.07136255538757025 -0.07135698138012558 
0.1 0.1 0.1 0.1 
-0.07142856568468053 -0.07142856749970977 -0.0714285661707583 -0.07142856538427661 
-0.0714285662490318 -0.07142856831892082 -0.07142856828410381 -0.07142856790825897 
-0.07142856847113058 -0.07142856964466285 -0.07142856904656876 -0.07142856935078268 
-0.07142856952146903 -0.07142856991210052 -0.07142856949624443 -0.07142856939068307 
-0.07142856947730908 -0.07142856950325167 -0.07142857000336088 -0.07142856938308713 
0.1 0.1 0.1 0.1 
-0.07142857142857231 -0.07142857142857231 -0.07142857142857226 -0.07142857142857231 
0.1 0.1 0.1 0.1 
-0.07142857142857224 -0.07142857142857229 -0.07142857142857227 -0.07142857142857223 
-0.07142857142857231 -0.07142857142857231 -0.07142857142857229 -0.07142857142857229 
-0.07142857142857235 -0.07142857142857235 -0.07142857142857234 -0.07142857142857237 
0.1 0.1 0.1 0.1 
0.1 0.1 0.1 0.1 
-0.07142817757073078 -0.07142817758540895 -0.07142792231134999 -0.0714281867259231 
0.1 0.1 0.1 0.1 
0.1 0.1 0.1 0.1 
0.1 0.1 0.1 0.1 
0.1 0.1 0.1 0.1 
0.1 0.1 0.1 0.1 
0.1 0.1 0.1 0.1 
0.1 0.1 0.1 0.1 
0.1 0.1 0.1 0.1 
0.1 0.1 0.1 0.1 
-0.07142856925937122 -0.07142856925897059 -0.07142856967513243 -0.07142856935781491 
0.1 0.1 0.1 0.1 
-0.07142857142857229 -0.07142857142857231 -0.07142857142857229 -0.07142857142857231 
0.1 0.1 0.1 0.1 
-0.07142857142857229 -0.07142857142857222 -0.07142857142857229 -0.07142857142857226 
0.1 0.1 0.1 0.1 
-0.0714285714285724 -0.0714285714285724 -0.07142857142857238 -0.0714285714285724 
0.1 0.1 0.1 0.1 
0.1 0.1 0.1 0.1 
-0.0714284339286291 -0.07142845691343866 -0.07142837669340499 -0.07142842512701603 
-0.07142851300802149 -0.0714285400983855 -0.07142853925991477 -0.07142853925529362 
-0.07142855390240646 -0.07142856313384278 -0.07142856038244408 -0.07142856020576308 
-0.07142856617072194 -0.07142856878182652 -0.07142856770183535 -0.07142856769805397 
-0.0714285698512166 -0.07142857007634945 -0.07142857019559108 -0.07142857019529048 
-0.07142857095536498 -0.07142857111771281 -0.07142857116465554 -0.07142857116442454 
-0.0714285712866095 -0.0714285713063279 -0.07142857134280416 -0.0714285713427953 
-0.07142857138598285 -0.0714285713949691 -0.07142857139242324 -0.07142857139792225 
-0.07142857141579527 -0.07142857141954112 -0.07142857141953537 -0.07142857141909599 
0.1 0.1 0.1 0.1 
-0.07142856942083399 -0.07142856942142578 -0.07142856988908534 -0.07142856931419825 
0.1 0.1 0.1 0.1 
-0.07142857142857231 -0.07142857142857234 -0.07142857142857229 -0.07142857142857231 
-0.07142857142857231 -0.07142857142857231 -0.07142857142857231 -0.07142857142857229 
-0.07142857142857227 -0.07142857142857229 -0.07142857142857231 -0.07142857142857229 
0.1 0.1 0.1 0.1 
-0.0714285714285724 -0.0714285714285724 -0.0714285714285724 -0.0714285714285724 
0.1 0.1 0.1 0.1 
0.1 0.1 0.1 0.1 
0.1 0.1 0.1 0.1 
0.1 0.1 0.1 0.1 
-0.0714285602797473 -0.07142856028135866 -0.07142856073087991 -0.07142855927293026 
0.1 0.1 0.1 0.1 
0.1 0.1 0.1 0.1 
0.1 0.1 0.1 0.1 
0.1 0.1 0.1 0.1 
-0.07142857142057278 -0.07142857141779241 -0.07142857141579485 -0.07142857142066966 
-0.07142857142473846 -0.07142857142566923 -0.07142857142473877 -0.07142857142657782 
0.1 0.1 0.1 0.1 
-0.0714285694233239 -0.07142856942272022 -0.071428569438234 -0.07142856928847581 
0.1 0.1 0.1 0.1 
-0.07142857142857234 -0.0714285714285723 -0.07142857142857234 -0.0714285714285723 
-0.07142857142857229 -0.07142857142857229 -0.07142857142857231 -0.07142857142857231 
-0.07142857142857229 -0.07142857142857227 -0.07142857142857231 -0.07142857142857229 
0.1 0.1 0.1 0.1 
-0.07142857142857241 -0.07142857142857241 -0.07142857142857241 -0.0714285714285724 
0.1 0.1 0.1 0.1 
0.1 0.1 0.1 0.1 
-0.07142855330496195 -0.07142856030862064 -0.07142855329326123 -0.07142855329907963 
-0.07142855453879536 -0.07142856029545559 -0.0714285602973484 -0.0714285602973271 
-0.07142855711476176 -0.07142856023637674 -0.07142856034114138 -0.07142856023802198 
0.1 0.1 0.1 0.1 
-0.07142857142777072 -0.07142857142777584 -0.07142857142777034 -0.07142857142776998 
-0.07142857142777283 -0.0714285714278626 -0.07142857142777292 -0.07142857142777176 
-0.07142857142777705 -0.07142857142741715 -0.07142857142747451 -0.07142857142792297 
-0.07142857142616857 -0.07142857142595543 -0.07142857142473881 -0.0714285714262047 
-0.07142857142742182 -0.07142857142765777 -0.07142857142742152 -0.07142857142805119 
0.1 0.1 0.1 0.1 
-0.07142856927955891 -0.07142856927897834 -0.07142856944477717 -0.07142856928015952 
0.1 0.1 0.1 0.1 
-0.07142857142857234 -0.07142857142857234 -0.07142857142857234 -0.07142857142857229 
-0.07142857142857237 -0.07142857142857231 -0.07142857142857231 -0.07142857142857234 
-0.0714285714285723 -0.07142857142857229 -0.07142857142857231 -0.0714285714285723 
0.1 0.1 0.1 0.1 
-0.07142857142857242 -0.07142857142857242 -0.07142857142857242 -0.07142857142857241 
0.1 0.1 0.1 0.1 
0.1 0.1 0.1 0.1 
0.1 0.1 0.1 0.1 
0.1 0.1 0.1 0.1 
0.1 0.1 0.1 0.1 
0.1 0.1 0.1 0.1 
0.1 0.1 0.1 0.1 
0.1 0.1 0.1 0.1 
-0.0714285714282703 -0.07142857142826983 -0.07142857142820325 -0.07142857142834147 
0.1 0.1 0.1 0.1 
-0.07142857142823761 -0.07142857142823801 -0.07142857142822645 -0.07142857142827164 
0.1 0.1 0.1 0.1 
0.1 0.1 0.1 0.1 
0.1 0.1 0.1 0.1 
-0.07142857142857229 -0.07142857142857229 -0.07142857142857233 -0.07142857142857229 
0.1 0.1 0.1 0.1 
-0.07142857142857235 -0.07142857142857235 -0.07142857142857233 -0.07142857142857237 
0.1 0.1 0.1 0.1 
-0.07142857142857242 -0.07142857142857242 -0.07142857142857242 -0.07142857142857242 
0.1 0.1 0.1 0.1 
0.1 0.1 0.1 0.1 
-0.07142857142850641 -0.071428571428498 -0.07142857142850642 -0.07142857142850828 
-0.07142857142850663 -0.0714285714284966 -0.07142857142849679 -0.07142857142849675 
-0.07142857142850191 -0.07142857142849576 -0.0714285714284956 -0.07142857142849562 
-0.07142857142849718 -0.07142857142849504 -0.07142857142849524 -0.07142857142849521 
-0.0714285714284954 -0.07142857142849472 -0.07142857142849471 -0.07142857142849471 
0.1 0.1 0.1 0.1 
-0.07142857142843677 -0.07142857142843692 -0.071428571428437 -0.07142857142847633 
0.1 0.1 0.1 0.1 
-0.0714285714284947 -0.0714285714284949 -0.07142857142846792 -0.07142857142849592 
0.1 0.1 0.1 0.1 
-0.07142857142857234 -0.07142857142857237 -0.07142857142857234 -0.07142857142857234 
-0.07142857142857234 -0.07142857142857234 -0.07142857142857229 -0.07142857142857231 
-0.07142857142857231 -0.07142857142857229 -0.07142857142857233 -0.07142857142857229 
0.1 0.1 0.1 0.1 
-0.07142857142857238 -0.07142857142857238 -0.07142857142857237 -0.0714285714285724 
0.1 0.1 0.1 0.1 
-0.07142857142857244 -0.07142857142857244 -0.07142857142857242 -0.07142857142857242 
0.1 0.1 0.1 0.1 
0.1 0.1 0.1 0.1 
-0.07142857142850814 -0.0714285714285087 -0.07142857142850037 -0.07142857142852195 
0.1 0.1 0.1 0.1 
0.1 0.1 0.1 0.1 
0.1 0.1 0.1 0.1 
0.1 0.1 0.1 0.1 
0.1 0.1 0.1 0.1 
-0.07142857142850532 -0.07142857142850528 -0.0714285714285132 -0.07142857142852124 
0.1 0.1 0.1 0.1 
-0.07142857142854658 -0.0714285714285465 -0.07142857142854037 -0.07142857142855422 
0.1 0.1 0.1 0.1 
0.1 0.1 0.1 0.1 
0.1 0.1 0.1 0.1 
0.1 0.1 0.1 0.1 
0.1 0.1 0.1 0.1 
-0.0714285714285724 -0.0714285714285724 -0.0714285714285724 -0.07142857142857241 
0.1 0.1 0.1 0.1 
-0.07142857142857242 -0.07142857142857242 -0.07142857142857242 -0.07142857142857241 
0.1 0.1 0.1 0.1 
0.1 0.1 0.1 0.1 
-0.07142857142852306 -0.07142857142852876 -0.07142857142850362 -0.07142857142852439 
-0.07142857142850874 -0.07142857142853166 -0.0714285714285243 -0.07142857142852546 
-0.07142857142852128 -0.07142857142853645 -0.07142857142851744 -0.07142857142852835 
-0.07142857142853448 -0.07142857142853778 -0.07142857142853253 -0.07142857142853165 
-0.07142857142853398 -0.07142857142854189 -0.07142857142854123 -0.07142857142853778 
-0.07142857142854117 -0.0714285714285444 -0.07142857142854207 -0.07142857142854149 
-0.07142857142854345 -0.07142857142853103 -0.0714285714285375 -0.07142857142854375 
-0.07142857142855089 -0.07142857142856093 -0.0714285714285548 -0.07142857142855479 
-0.07142857142856326 -0.07142857142856793 -0.0714285714285621 -0.07142857142856374 
-0.07142857142856882 -0.07142857142856979 -0.07142857142857062 -0.07142857142856959 
-0.07142857142857154 -0.07142857142857183 -0.07142857142857163 -0.07142857142857141 
-0.07142857142857147 -0.07142857142857223 -0.07142857142857223 -0.07142857142857223 
-0.07142857142857148 -0.07142857142857234 -0.07142857142857238 -0.07142857142857235 
-0.07142857142857237 -0.0714285714285724 -0.0714285714285724 -0.07142857142857241 
-0.07142857142857242 -0.07142857142857242 -0.07142857142857241 -0.07142857142857242 
-0.07142857142857242 -0.07142857142857241 -0.07142857142857241 -0.07142857142857241 
-0.07142857142857242 -0.07142857142857242 -0.07142857142857242 -0.07142857142857242 
0.1 0.1 0.1 0.1 
0.1 0.1 0.1 0.1 
-0.07142857142852427 -0.07142857142852335 -0.07142857142852688 -0.07142857142852427 
-0.07142857142852516 -0.0714285714285287 -0.07142857142852255 -0.07142857142852249 
-0.07142857142852656 -0.07142857142853218 -0.07142857142851655 -0.07142857142852907 
-0.07142857142852332 -0.07142857142853375 -0.07142857142852968 -0.07142857142852874 
-0.07142857142852933 -0.0714285714285407 -0.07142857142853698 -0.07142857142853345 
-0.07142857142853656 -0.07142857142854307 -0.07142857142854131 -0.07142857142854046 
-0.07142857142854193 -0.07142857142854339 -0.07142857142854414 -0.07142857142854325 
0.1 0.1 0.1 0.1 
-0.07142857142856986 -0.07142857142856958 -0.07142857142856862 -0.07142857142857012 
-0.07142857142857058 -0.07142857142857068 -0.07142857142857079 -0.07142857142857101 
-0.07142857142857122 -0.07142857142857131 -0.07142857142857136 -0.0714285714285713 
0.1 0.1 0.1 0.1 
-0.07142857142857241 -0.07142857142857241 -0.07142857142857148 -0.0714285714285724 
-0.07142857142857148 -0.07142857142857242 -0.07142857142857242 -0.07142857142857242 
-0.07142857142857148 -0.07142857142857242 -0.07142857142857242 -0.07142857142857242 
-0.07142857142857148 -0.07142857142857242 -0.07142857142857242 -0.07142857142857242 
-0.07142857142857148 -0.07142857142857242 -0.07142857142857242 -0.07142857142857242 
0.1 0.1 0.1 0.1 
0.1 0.1 0.1 0.1 
0.1 0.1 0.1 0.1 
0.1 0.1 0.1 0.1 
0.1 0.1 0.1 0.1 
0.1 0.1 0.1 0.1 
0.1 0.1 0.1 0.1 
0.1 0.1 0.1 0.1 
0.1 0.1 0.1 0.1 
0.1 0.1 0.1 0.1 
0.1 0.1 0.1 0.1 
0.1 0.1 0.1 0.1 
0.1 0.1 0.1 0.1 
0.1 0.1 0.1 0.1 
0.1 0.1 0.1 0.1 
0.1 0.1 0.1 0.1 
0.1 0.1 0.1 0.1 
0.1 0.1 0.1 0.1 
0.1 0.1 0.1 0.1 
0.1 0.1 0.1 0.1 
***************************************************************
