1 -294.850000000033
2 -45.99999999999947
3 -112.74999999999568
4 -73.7499999999979
5 -24.500000000000227
6 -50.49999999999921
7 -51.499999999999154
8 -24.60000000000023
9 -39.24999999999985
10 -73.49999999999791
11 -8.600000000000003
12 -37.19999999999997
13 -27.800000000000274
14 -33.50000000000018
15 -13.95000000000008
16 -23.050000000000207
17 -31.300000000000303
18 -34.450000000000124
19 -21.90000000000019
20 -54.299999999998995
21 -16.15000000000011
22 -13.600000000000074
23 -16.95000000000012
24 -18.200000000000138
25 -19.450000000000156
26 -37.09999999999997
27 -10.650000000000032
28 -22.150000000000194
29 -20.600000000000172
30 -11.85000000000005
31 -37.949999999999925
32 -16.450000000000113
33 -16.15000000000011
34 -8.900000000000007
35 -7.349999999999985
36 -21.25000000000018
37 -13.700000000000076
38 -14.70000000000009
39 -13.30000000000007
40 -14.400000000000086
41 -18.750000000000146
42 -5.149999999999987
43 -21.10000000000018
44 -24.450000000000227
45 -2.499999999999996
46 -9.350000000000014
47 -15.150000000000095
48 -2.1499999999999972
49 -11.25000000000004
50 -13.400000000000071
51 -15.450000000000099
52 -2.6999999999999953
53 -10.950000000000037
54 -1.8999999999999981
55 -15.300000000000097
56 -11.750000000000048
57 -2.9999999999999947
58 -9.10000000000001
59 -16.85000000000012
60 -4.149999999999991
61 -4.699999999999989
62 -15.150000000000095
63 -6.749999999999981
64 -2.0999999999999974
65 -1.4499999999999997
66 -14.950000000000092
67 -1.4
68 -7.049999999999981
69 -1.2000000000000006
70 -9.450000000000015
71 -7.249999999999984
72 -0.400000000000001
73 -2.199999999999997
74 -7.149999999999983
75 -1.2000000000000006
76 -9.000000000000009
77 -17.400000000000126
78 -0.45000000000000107
79 -0.7000000000000013
80 -15.650000000000102
81 -15.900000000000105
82 -1.2000000000000006
83 -16.15000000000011
84 -3.8499999999999917
85 -0.400000000000001
86 -0.1500000000000008
87 -6.661338147750939e-16
88 -12.250000000000055
89 -22.5500000000002
90 -10.150000000000025
91 -11.550000000000045
92 -11.450000000000044
93 -13.100000000000067
94 -16.700000000000117
95 -9.950000000000022
96 -10.800000000000034
97 -10.350000000000028
98 -9.700000000000019
99 -22.6500000000002
100 -9.400000000000015
101 -9.450000000000015
102 0.14999999999999936
103 0.14999999999999936
104 0.14999999999999936
